451000
447000
443000
435000
440500
438000
442000
442000
444000
471500
492500
486000
480000
480000
486000
488000
483500
490500
492000
489000
495000
491500
490500
496000
495500
510000
506000
517000
519000
520000
517000
527000
528000
522000
511000
519000
522000
527000
517000
519000
510000
507000
502000
500000
499500
519000
510000
502000
503000
496000
495000
492000
496000
498500
503000
505000
510000
502000
498000
502000
512000
517000
518000
518000
522000
517000
520000
518000
502000
491500
476000
474000
470000
466000
467000
474500
471000
464000
460000
452000
455500
455000
464500
474000
475000
477000
472000
475000
481500
488000
489500
489500
498500
498500
498000
495000
484500
482000
490000
493500
489000
489000
487500
488000
480500
477500
480000
491500
498000
496500
500000
498500
493500
490500
488000
493000
498000
491000
488500
489500
490000
494000
501000
503000
502000
504000
516000
516000
533000
541000
547000
547000
542000
549000
561000
558000
563000
552000
555000
551000
551000
560000
565000
569000
568000
568000
566000
553000
551000
550000
555000
567000
578000
572000
572000
555000
553000
563000
562000
556000
552000
549000
540000
541000
544000
549000
554000
561000
569000
579000
587000
589000
589000
606000
613000
607000
593000
593000
601000
600000
585000
597000
593000
598000
590000
588000
602000
601000
586000
581000
593000
599000
578000
562000
562000
563000
565000
550000
556000
564000
567000
565000
563000
558000
546000
552000
564000
575000
587000
599000
600000
603000
601000
605000
618000
626000
621000
630000
624000
627000
621000
590000
607000
608000
600000
601000
594000
598000
606000
617000
622000
630000
641000
633000
622000
618000
618000
609000
609000
602000
608000
612000
628000
634000
645000
654000
662000
661000
659000